0000:  000000000000 000000000000 000000000000 000000000000
0004:  000000000000 000000000000 000000000000 000000000000
0008:  000000000000 000000000000 000000000000 000000000000
000c:  000000000000 000000000000 000000000000 000000000000
0010:  000000000000 000000000000 000000000000 000000000000
0014:  000000000000 000000000000 000000000000 000000000000
0018:  000000000000 000000000000 000000000000 000000000000
001c:  000000000000 000000000000 000000000000 000000000000
0020:  000000000000 000000000000 000000000000 000000000000
0024:  000000000000 000000000000 000000000000 000000000000
0028:  000000000000 000000000000 000000000000 000000000000
002c:  000000000000 000000000000 000000000000 000000000000
0030:  000000000000 000000000000 000000000000 000000000000
0034:  000000000000 000000000000 000000000000 000000000000
0038:  000000000000 000000000000 000000000000 000000000000
003c:  000000000000 000000000000 000000000000 000000000000
0000:  806353030200 a86b9abc0230 c06320030200 000000000000
0004:  686b9afc03f0 ed0bc0030008 0008007f100b 000000000000
0008:  40a100031031 000700030c31 1062300b1240 000000000000
000c:  4004007f1c4b 002410031231 c00100030c31 000000000000
0010:  ad0fc0030008 40632003d200 0084fc7fd2fd 000000000000
0014:  40000427c23d c0080803d008 c0a10003df48 000000000000
0018:  c33a9a7fa008 40a10f07f008 80010103f23f 000000000000
001c:  c008952fe00b c0643003e23e 00410003efbc 000000000000
0020:  50622f0bb240 b86a2031023b 19022ec80200 000000000000
0024:  000deff40340 b0422e080240 015d00000e80 000000000000
0028:  10622a0b0240 e86b9a7c02b0 206353030200 000000000000
002c:  a86b9abc0230 50628e0f1240 004415031c50 000000000000
0030:  d062ff0f0240 400402030c08 402501030230 000000000000
0034:  413000020c31 c13ed3070c50 413400030830 000000000000
0038:  c0217a570c09 7042c0080270 000000000000 000000000000
003c:  500a00000280 c0080027c008 40080503d008 000000000000
0040:  c0014703df50 80081173a00b 000000000000 000000000000
0044:  000000000000 000000000000 000000000000 000000000000
0048:  000000000000 000000000000 000000000000 000000000000
004c:  000000000000 000000000000 000000000000 000000000000
0050:  000000000000 000000000000 000000000000 000000000000
0054:  000000000000 000000000000 000000000000 000000000000
0058:  000000000000 000000000000 000000000000 000000000000
005c:  000000000000 000000000000 000000000000 000000000000
0060:  000000000000 000000000000 000000000000 000000000000
0064:  000000000000 000000000000 000000000000 000000000000
0068:  000000000000 000000000000 000000000000 000000000000
006c:  000000000000 000000000000 000000000000 000000000000
0070:  000000000000 000000000000 000000000000 000000000000
0074:  000000000000 000000000000 000000000000 000000000000
0078:  000000000000 000000000000 000000000000 000000000000
007c:  000000000000 000000000000 000000000000 000000000000
0080:  000000000000 000000000000 000000000000 000000000000
0084:  000000000000 000000000000 000000000000 000000000000
0088:  000000000000 000000000000 000000000000 000000000000
008c:  000000000000 000000000000 000000000000 000000000000
0090:  000000000000 000000000000 000000000000 000000000000
0094:  000000000000 000000000000 000000000000 000000000000
0098:  000000000000 000000000000 000000000000 000000000000
009c:  000000000000 000000000000 000000000000 000000000000
00a0:  000000000000 000000000000 000000000000 000000000000
00a4:  000000000000 000000000000 000000000000 000000000000
00a8:  000000000000 000000000000 000000000000 000000000000
00ac:  000000000000 000000000000 000000000000 000000000000
00b0:  000000000000 000000000000 000000000000 000000000000
00b4:  000000000000 000000000000 000000000000 000000000000
00b8:  000000000000 000000000000 000000000000 000000000000
00bc:  000000000000 000000000000 000000000000 000000000000
00c0:  000000000000 000000000000 000000000000 000000000000
00c4:  000000000000 000000000000 000000000000 000000000000
00c8:  000000000000 000000000000 000000000000 000000000000
00cc:  000000000000 000000000000 000000000000 000000000000
00d0:  000000000000 000000000000 000000000000 000000000000
00d4:  000000000000 000000000000 000000000000 000000000000
00d8:  000000000000 000000000000 000000000000 000000000000
00dc:  000000000000 000000000000 000000000000 000000000000
00e0:  000000000000 000000000000 000000000000 000000000000
00e4:  000000000000 000000000000 000000000000 000000000000
00e8:  000000000000 000000000000 000000000000 000000000000
00ec:  000000000000 000000000000 000000000000 000000000000
00f0:  000000000000 000000000000 000000000000 000000000000
00f4:  000000000000 000000000000 000000000000 000000000000
00f8:  000000000000 000000000000 000000000000 000000000000
00fc:  000000000000 000000000000 000000000000 000000000000
0100:  000000000000 000000000000 000000000000 000000000000
0104:  000000000000 000000000000 000000000000 000000000000
0108:  000000000000 000000000000 000000000000 000000000000
010c:  000000000000 000000000000 000000000000 000000000000
0110:  000000000000 000000000000 000000000000 000000000000
0114:  000000000000 000000000000 000000000000 000000000000
0118:  000000000000 000000000000 000000000000 000000000000
011c:  000000000000 000000000000 000000000000 000000000000
0120:  000000000000 000000000000 000000000000 000000000000
0124:  000000000000 000000000000 000000000000 000000000000
0128:  000000000000 000000000000 000000000000 000000000000
012c:  000000000000 000000000000 000000000000 000000000000
0130:  000000000000 000000000000 000000000000 000000000000
0134:  000000000000 000000000000 000000000000 000000000000
0138:  000000000000 000000000000 000000000000 000000000000
013c:  000000000000 000000000000 000000000000 000000000000
0140:  000000000000 000000000000 000000000000 000000000000
0144:  000000000000 000000000000 000000000000 000000000000
0148:  000000000000 000000000000 000000000000 000000000000
014c:  000000000000 000000000000 000000000000 000000000000
0150:  000000000000 000000000000 000000000000 000000000000
0154:  000000000000 000000000000 000000000000 000000000000
0158:  000000000000 000000000000 000000000000 000000000000
015c:  000000000000 000000000000 000000000000 000000000000
0160:  000000000000 000000000000 000000000000 000000000000
0164:  000000000000 000000000000 000000000000 000000000000
0168:  000000000000 000000000000 000000000000 000000000000
016c:  000000000000 000000000000 000000000000 000000000000
0170:  000000000000 000000000000 000000000000 000000000000
0174:  000000000000 000000000000 000000000000 000000000000
0178:  000000000000 000000000000 000000000000 000000000000
017c:  000000000000 000000000000 000000000000 000000000000
0180:  000000000000 000000000000 000000000000 000000000000
0184:  000000000000 000000000000 000000000000 000000000000
0188:  000000000000 000000000000 000000000000 000000000000
018c:  000000000000 000000000000 000000000000 000000000000
0190:  000000000000 000000000000 000000000000 000000000000
0194:  000000000000 000000000000 000000000000 000000000000
0198:  000000000000 000000000000 000000000000 000000000000
019c:  000000000000 000000000000 000000000000 000000000000
01a0:  000000000000 000000000000 000000000000 000000000000
01a4:  000000000000 000000000000 000000000000 000000000000
01a8:  000000000000 000000000000 000000000000 000000000000
01ac:  000000000000 000000000000 000000000000 000000000000
01b0:  000000000000 000000000000 000000000000 000000000000
01b4:  000000000000 000000000000 000000000000 000000000000
01b8:  000000000000 000000000000 000000000000 000000000000
01bc:  000000000000 000000000000 000000000000 000000000000
01c0:  000000000000 000000000000 000000000000 000000000000
01c4:  000000000000 000000000000 000000000000 000000000000
01c8:  000000000000 000000000000 000000000000 000000000000
01cc:  000000000000 000000000000 000000000000 000000000000
01d0:  000000000000 000000000000 000000000000 000000000000
01d4:  000000000000 000000000000 000000000000 000000000000
01d8:  000000000000 000000000000 000000000000 000000000000
01dc:  000000000000 000000000000 000000000000 000000000000
01e0:  000000000000 000000000000 000000000000 000000000000
01e4:  000000000000 000000000000 000000000000 000000000000
01e8:  000000000000 000000000000 000000000000 000000000000
01ec:  000000000000 000000000000 000000000000 000000000000
01f0:  000000000000 000000000000 000000000000 000000000000
01f4:  000000000000 000000000000 000000000000 000000000000
01f8:  000000000000 000000000000 000000000000 000000000000
01fc:  000000000000 000000000000 000000000000 000000000000
0000:  0000300000c0 0000180000c0 0000300000c0 0000300000c0
0004:  0000119f9a00 0000300000c0 000001fc1900 0000300000c0
0008:  0000388000c0 0000393be600 0000300000c0 0000300000c0
000c:  0000300000c0 0000300000c0 0000019f9a40 0000119f9a00
0010:  000011fc1940 000000000000 000000000000 000000000000
0014:  000000000000 000000000000 000000000000 000000000000
0018:  000000000000 000000000000 000000000000 000000000000
001c:  000000000000 000000000000 000000000000 000000000000
0020:  000000000000 000000000000 000000000000 000000000000
0024:  000000000000 000000000000 000000000000 000000000000
0028:  000000000000 000000000000 000000000000 000000000000
002c:  000000000000 000000000000 000000000000 000000000000
0030:  000000000000 000000000000 000000000000 000000000000
0034:  000000000000 000000000000 000000000000 000000000000
0038:  000000000000 000000000000 000000000000 000000000000
003c:  000000000000 000000000000 000000000000 000000000000
0040:  000000000000 000000000000 000000000000 000000000000
0044:  000000000000 000000000000 000000000000 000000000000
0048:  000000000000 000000000000 000000000000 000000000000
004c:  000000000000 000000000000 000000000000 000000000000
0050:  000000000000 000000000000 000000000000 000000000000
0054:  000000000000 000000000000 000000000000 000000000000
0058:  000000000000 000000000000 000000000000 000000000000
005c:  000000000000 000000000000 000000000000 000000000000
0060:  000000000000 000000000000 000000000000 000000000000
0064:  000000000000 000000000000 000000000000 000000000000
0068:  000000000000 000000000000 000000000000 000000000000
006c:  000000000000 000000000000 000000000000 000000000000
0070:  000000000000 000000000000 000000000000 000000000000
0074:  000000000000 000000000000 000000000000 000000000000
0078:  000000000000 000000000000 000000000000 000000000000
007c:  000000000000 000000000000 000000000000 000000000000
